[images.jpg]
filters=Orton=1,25.000000,50.000000,0.000000;finetune2=1,0.000000,0.000000,0.078596,00000000,0.000000;
moddate=4299519a36d9d001
width=1785
height=155
textactive=0
[42.jpg]
filters=finetune2=1,0.309942,0.176842,0.131930,00000000,0.000000;
moddate=825405a536d9d001
width=1785
height=155
textactive=0
[4.jpg]
filters=finetune2=1,0.461988,0.070175,0.000000,00000000,0.000000;CrossProcess=1,0.000000;
moddate=e34ff63538d9d001
width=1784
height=700
textactive=0
[4.1.jpg]
filters=Soften=1,50.000000,8.187135;Orton=1,25.000000,50.000000,0.000000;Orton=1,25.000000,50.000000,0.000000;HDR=1,20.000000,3.000000,0.000000;warm=1;finetune2=1,0.000000,0.000000,0.174035,00000000,0.000000;
moddate=7ff347253dd9d001
width=4968
height=1192
textactive=0
